20,20,20,20,20,20,10,10,10,10,10,10,10,10,10,10,10,10,10,10
20,20,20,20,20,20,10,10,10,10,10,10,10,10,10,10,10,10,10,10
20,20,20,20,20,20,10,10,10,10,10,10,10,10,10,10,10,10,10,10
20,20,20,20,20,20,10,10,10,10,10,10,10,10,10,10,10,10,10,10
20,20,20,20,20,20,10,10,10,10,10,10,10,10,10,10,10,10,10,10
20,20,20,20,20,20,10,10,10,10,10,10,10,10,10,10,10,10,10,10
20,20,20,20,20,20,10,10,10,10,10,10,10,10,10,10,10,10,10,10
20,20,20,20,20,20,10,10,10,10,10,10,10,10,10,10,10,10,10,10
20,20,20,20,20,20,10,10,10,10,10,10,10,10,10,10,10,10,10,10
20,20,20,20,20,20,10,10,10,10,10,10,10,10,10,10,10,10,10,10
20,20,20,20,20,20,10,10,10,10,10,10,10,10,10,10,10,10,10,10
20,20,20,20,20,20,10,10,10,10,10,10,10,10,10,10,10,10,10,10
20,20,20,20,20,20,10,10,10,10,10,10,10,10,10,10,10,10,10,10
20,20,20,20,20,20,10,10,10,10,10,10,10,10,10,10,10,10,10,10
20,20,20,20,20,20,10,10,10,10,10,10,10,10,10,10,10,10,10,10
20,20,20,20,20,20,10,10,10,10,10,10,10,10,10,10,10,10,10,10
20,20,20,20,20,20,10,10,10,10,10,10,10,10,10,10,10,10,10,10
20,20,20,20,20,20,10,10,10,10,10,10,10,10,10,10,10,10,10,10
20,20,20,20,20,20,10,10,10,10,10,10,10,10,10,10,10,10,10,10
20,20,20,20,20,20,10,10,10,10,10,10,10,10,10,10,10,10,10,10
20,20,20,20,20,20,10,10,10,10,10,10,10,10,10,10,10,10,10,10
20,20,20,20,20,20,10,10,10,10,10,10,10,10,10,10,10,10,10,10
20,20,20,20,20,20,10,10,10,10,10,10,10,10,10,10,10,10,10,10
20,20,20,20,20,20,10,10,10,10,10,10,10,10,10,10,10,10,10,10
20,20,20,20,20,20,10,10,10,10,10,10,10,10,10,10,10,10,10,10
20,20,20,10,10,10,10,10,10,10,10,10,10,10,10,10,10,10,10,10
20,20,20,20,20,20,10,10,10,10,10,10,10,10,10,10,10,10,10,10
20,20,20,20,20,20,10,10,10,10,10,10,10,10,10,10,10,10,10,10
20,20,20,20,20,20,10,10,10,10,10,10,10,10,10,10,10,10,10,10
20,20,20,20,20,20,10,10,10,10,10,10,10,10,10,10,10,10,10,10
20,20,20,20,20,20,10,10,5,5,5,5,5,5,5,5,5,5,5,5
20,20,20,20,20,20,10,10,5,5,5,5,5,5,5,5,5,5,5,5
20,20,20,20,20,20,10,10,5,5,5,5,5,5,5,5,5,5,5,5
20,20,20,20,20,20,10,10,5,5,5,5,5,5,5,5,5,5,5,5
20,20,20,20,20,20,10,10,5,5,5,5,5,5,5,5,5,5,5,5
20,20,20,20,20,20,10,10,5,5,5,5,5,5,5,5,5,5,5,5
20,20,20,20,20,20,10,10,5,5,5,5,5,5,5,5,5,5,5,5
20,20,20,20,20,20,20,10,10,5,5,5,5,5,5,5,5,5,5,5
20,20,20,20,20,20,20,10,10,5,5,5,5,5,5,5,5,5,5,5
20,20,20,20,20,20,10,10,5,5,5,5,5,5,5,5,5,5,5,5
20,20,20,20,20,20,10,10,5,5,5,5,5,5,5,5,5,5,5,5
20,20,20,20,20,20,20,10,10,5,5,5,5,5,5,5,5,5,5,5
20,20,20,20,20,20,10,10,5,5,5,5,5,5,5,5,5,5,5,5
20,20,20,20,20,20,10,10,5,5,5,5,5,5,5,5,5,5,5,5
20,20,20,20,20,20,10,10,5,5,5,5,5,5,5,5,5,5,5,5
20,20,20,20,20,20,10,10,10,10,10,10,10,10,10,10,10,10,10,10
20,20,20,20,20,20,20,10,10,5,5,5,5,5,5,5,5,5,5,5
20,20,20,20,20,20,20,10,10,5,5,5,5,5,5,5,5,5,5,5
20,20,20,20,20,20,20,10,10,5,5,5,5,5,5,5,5,5,5,5
20,20,20,20,20,20,20,10,10,5,5,5,5,5,5,5,5,5,5,5
20,20,20,20,20,20,20,10,10,5,5,5,5,5,5,5,5,5,5,5
20,20,20,20,20,20,20,10,10,5,5,5,5,5,5,5,5,5,5,5
20,20,20,20,20,20,20,10,10,5,5,5,5,5,5,5,5,5,5,5
20,20,20,20,20,20,10,10,5,5,5,5,5,5,5,5,5,5,5,5
20,20,20,20,20,20,10,10,10,10,10,10,10,10,10,10,10,10,10,10
20,20,20,20,20,20,20,10,10,5,5,5,5,5,5,5,5,5,5,5
20,20,20,20,20,20,20,10,10,5,5,5,5,5,5,5,5,5,5,5
20,20,20,20,20,20,10,10,5,5,5,5,5,5,5,5,5,5,5,5
20,20,20,20,20,20,20,10,10,5,5,5,5,5,5,5,5,5,5,5
20,20,20,20,20,20,10,10,5,5,5,5,5,5,5,5,5,5,5,5
20,20,20,20,20,20,20,10,10,5,5,5,5,5,5,5,5,5,5,5
20,20,20,20,20,20,10,10,5,5,5,5,5,5,5,5,5,5,5,5
20,20,20,20,20,20,10,10,10,10,10,10,10,10,10,10,10,10,10,10
20,20,20,20,20,20,20,10,10,5,5,5,5,5,5,5,5,5,5,5
20,20,20,20,20,20,20,10,10,5,5,5,5,5,5,5,5,5,5,5
20,20,20,20,20,20,20,10,10,5,5,5,5,5,5,5,5,5,5,5
20,20,20,20,20,20,10,10,5,5,5,5,5,5,5,5,5,5,5,5
20,20,20,20,20,20,20,10,10,5,5,5,5,5,5,5,5,5,5,5
20,20,20,20,20,20,10,10,5,5,5,5,5,5,5,5,5,5,5,5
20,20,20,20,20,20,10,10,5,5,5,5,5,5,5,5,5,5,5,5
20,20,20,20,20,20,20,10,10,5,5,5,5,5,5,5,5,5,5,5
20,20,20,20,20,20,10,10,5,5,5,5,5,5,5,5,5,5,5,5
20,20,20,20,20,20,10,10,5,5,5,5,5,5,5,5,5,5,5,5
20,20,20,20,20,20,10,10,5,5,5,5,5,5,5,5,5,5,5,5
20,20,20,20,20,20,20,10,10,5,5,5,5,5,5,5,5,5,5,5
20,20,20,20,20,20,10,10,5,5,5,5,5,5,5,5,5,5,5,5
20,20,20,20,20,20,10,10,5,5,5,5,5,5,5,5,5,5,5,5
20,20,20,20,20,20,20,10,10,5,5,5,5,5,5,5,5,5,5,5
20,20,20,20,20,20,20,10,10,5,5,5,5,5,5,5,5,5,5,5
20,20,20,20,20,20,20,10,10,5,5,5,5,5,5,5,5,5,5,5
20,20,20,20,20,20,20,10,10,5,5,5,5,5,5,5,5,5,5,5
20,20,20,20,20,20,20,10,10,5,5,5,5,5,5,5,5,5,5,5
20,20,20,20,20,20,10,10,10,10,10,10,10,10,10,10,10,10,10,10
20,20,20,20,20,20,10,10,5,5,5,5,5,5,5,5,5,5,5,5
20,20,20,20,20,20,10,10,5,5,5,5,5,5,5,5,5,5,5,5
20,20,20,20,20,20,10,10,5,5,5,5,5,5,5,5,5,5,5,5
20,20,20,20,20,20,10,10,5,5,5,5,5,5,5,5,5,5,5,5
20,20,20,20,20,20,10,10,5,5,5,5,5,5,5,5,5,5,5,5
20,20,20,20,20,20,20,10,10,5,5,5,5,5,5,5,5,5,5,5
20,20,20,20,20,20,10,10,5,5,5,5,5,5,5,5,5,5,5,5
20,20,20,20,20,20,10,10,5,5,5,5,5,5,5,5,5,5,5,5
20,20,10,10,10,10,10,10,5,5,5,5,5,5,5,5,5,5,5,5
20,20,10,10,10,10,10,10,5,5,5,5,5,5,5,5,5,5,5,5
20,20,10,10,10,10,10,10,5,5,5,5,5,5,5,5,5,5,5,5
20,20,10,10,10,10,10,10,5,5,5,5,5,5,5,5,5,5,5,5
20,20,10,10,10,10,10,10,5,5,5,5,5,5,5,5,5,5,5,5
20,20,10,10,10,10,10,10,5,5,5,5,5,5,5,5,5,5,5,5
20,20,10,10,10,10,10,10,5,5,5,5,5,5,5,5,5,5,5,5
20,20,10,10,10,10,10,10,5,5,5,5,5,5,5,5,5,5,5,5
20,20,10,10,10,10,10,10,5,5,5,5,5,5,5,5,5,5,5,5
20,20,20,20,20,20,20,10,10,5,5,5,5,5,5,5,5,5,5,5
20,20,20,20,20,20,10,10,10,10,10,10,10,10,10,10,10,10,10,10
20,20,20,20,20,20,10,10,10,10,10,10,10,10,10,10,10,10,10,10
20,20,20,20,20,20,10,10,10,10,10,10,10,10,10,10,10,10,10,10
20,20,20,20,20,20,20,10,10,5,5,5,5,5,5,5,5,5,5,5
20,20,20,20,20,20,10,10,5,5,5,5,5,5,5,5,5,5,5,5
20,20,20,20,20,20,10,10,5,5,5,5,5,5,5,5,5,5,5,5
20,20,20,20,20,20,10,10,5,5,5,5,5,5,5,5,5,5,5,5
20,20,20,20,20,20,10,10,10,10,10,10,10,10,10,10,10,10,10,10
20,20,20,20,20,20,20,10,10,5,5,5,5,5,5,5,5,5,5,5
20,20,20,20,20,20,20,10,10,5,5,5,5,5,5,5,5,5,5,5
20,20,20,20,20,20,20,10,10,5,5,5,5,5,5,5,5,5,5,5
20,20,20,20,20,20,20,10,10,5,5,5,5,5,5,5,5,5,5,5
20,20,20,20,20,20,20,10,10,5,5,5,5,5,5,5,5,5,5,5
20,20,20,20,20,20,20,10,10,5,5,5,5,5,5,5,5,5,5,5
20,20,20,20,20,20,20,10,10,5,5,5,5,5,5,5,5,5,5,5
20,20,20,20,20,20,20,10,10,5,5,5,5,5,5,5,5,5,5,5
20,20,20,20,20,20,10,10,5,5,5,5,5,5,5,5,5,5,5,5
20,20,20,20,20,20,10,10,5,5,5,5,5,5,5,5,5,5,5,5
20,20,20,20,20,20,10,10,5,5,5,5,5,5,5,5,5,5,5,5
20,20,20,20,20,20,10,10,10,10,10,10,10,10,10,10,10,10,10,10
20,20,20,20,20,20,10,10,10,10,10,10,10,10,10,10,10,10,10,10
20,20,20,20,20,20,20,10,10,5,5,5,5,5,5,5,5,5,5,5
20,20,20,20,20,20,10,10,10,10,10,10,10,10,10,10,10,10,10,10
20,20,20,20,20,20,10,10,5,5,5,5,5,5,5,5,5,5,5,5
20,20,20,20,20,20,10,10,5,5,5,5,5,5,5,5,5,5,5,5
20,20,20,20,20,20,20,10,10,5,5,5,5,5,5,5,5,5,5,5
20,20,20,20,20,20,10,10,10,10,10,10,10,10,10,10,10,10,10,10
20,20,20,20,20,20,20,10,10,5,5,5,5,5,5,5,5,5,5,5
20,20,20,20,20,20,10,10,5,5,5,5,5,5,5,5,5,5,5,5
20,20,20,20,20,20,10,10,10,10,10,10,10,10,10,10,10,10,10,10
20,20,20,20,20,20,10,10,5,5,5,5,5,5,5,5,5,5,5,5
20,20,20,20,20,20,20,10,10,5,5,5,5,5,5,5,5,5,5,5
20,20,20,20,20,20,10,10,10,10,10,10,10,10,10,10,10,10,10,10
20,20,20,20,20,20,10,10,5,5,5,5,5,5,5,5,5,5,5,5
20,20,20,20,20,20,10,10,5,5,5,5,5,5,5,5,5,5,5,5
20,20,20,20,20,20,10,10,5,5,5,5,5,5,5,5,5,5,5,5
20,20,20,20,20,20,10,10,5,5,5,5,5,5,5,5,5,5,5,5
20,20,20,20,20,20,10,10,5,5,5,5,5,5,5,5,5,5,5,5
20,20,20,20,20,20,10,10,10,10,10,10,10,10,10,10,10,10,10,10
20,20,20,20,20,20,10,10,10,10,10,10,10,10,10,10,10,10,10,10
20,20,20,20,20,20,10,10,10,10,10,10,10,10,10,10,10,10,10,10
20,20,20,20,20,20,10,10,10,10,10,10,10,10,10,10,10,10,10,10
20,20,20,20,20,20,10,10,5,5,5,5,5,5,5,5,5,5,5,5
20,20,20,20,20,20,10,10,5,5,5,5,5,5,5,5,5,5,5,5
20,20,20,20,20,20,20,10,10,5,5,5,5,5,5,5,5,5,5,5
20,20,20,20,20,20,20,10,10,5,5,5,5,5,5,5,5,5,5,5
20,20,20,20,20,20,20,10,10,5,5,5,5,5,5,5,5,5,5,5
20,20,20,20,20,20,20,10,10,5,5,5,5,5,5,5,5,5,5,5
20,20,20,20,20,20,20,10,10,5,5,5,5,5,5,5,5,5,5,5
20,20,20,20,20,20,10,10,5,5,5,5,5,5,5,5,5,5,5,5
20,20,20,20,20,20,10,10,5,5,5,5,5,5,5,5,5,5,5,5
20,20,20,20,20,20,10,10,5,5,5,5,5,5,5,5,5,5,5,5
20,20,20,20,20,20,10,10,5,5,5,5,5,5,5,5,5,5,5,5
20,20,20,20,20,20,20,10,10,5,5,5,5,5,5,5,5,5,5,5
20,20,20,20,20,20,10,10,5,5,5,5,5,5,5,5,5,5,5,5
20,20,20,20,20,20,20,10,10,5,5,5,5,5,5,5,5,5,5,5
20,20,20,20,20,20,10,10,10,10,10,10,10,10,10,10,10,10,10,10
20,20,20,20,20,20,10,10,5,5,5,5,5,5,5,5,5,5,5,5
20,20,20,20,20,20,10,10,5,5,5,5,5,5,5,5,5,5,5,5
20,20,20,20,20,20,10,10,5,5,5,5,5,5,5,5,5,5,5,5
20,20,20,20,20,20,10,10,5,5,5,5,5,5,5,5,5,5,5,5
20,20,20,20,20,20,10,10,10,10,10,10,10,10,10,10,10,10,10,10
20,20,20,20,20,20,10,10,10,10,10,10,10,10,10,10,10,10,10,10
20,20,20,20,20,20,10,10,10,10,10,10,10,10,10,10,10,10,10,10
20,20,20,20,20,20,10,10,10,10,10,10,10,10,10,10,10,10,10,10
20,20,20,20,20,20,10,10,10,10,10,10,10,10,10,10,10,10,10,10
20,20,20,20,20,20,20,10,10,5,5,5,5,5,5,5,5,5,5,5
20,20,20,20,20,20,10,10,5,5,5,5,5,5,5,5,5,5,5,5
20,20,20,20,20,20,10,10,5,5,5,5,5,5,5,5,5,5,5,5
20,20,20,20,20,20,10,10,5,5,5,5,5,5,5,5,5,5,5,5
20,20,20,20,20,20,10,10,5,5,5,5,5,5,5,5,5,5,5,5
20,20,20,20,20,20,10,10,10,10,10,10,10,10,10,10,10,10,10,10
20,20,20,20,20,20,10,10,5,5,5,5,5,5,5,5,5,5,5,5
20,20,20,20,20,20,10,10,5,5,5,5,5,5,5,5,5,5,5,5
20,20,20,20,20,20,10,10,10,10,10,10,10,10,10,10,10,10,10,10
20,20,20,20,20,20,20,10,10,5,5,5,5,5,5,5,5,5,5,5
20,20,20,20,20,20,10,10,5,5,5,5,5,5,5,5,5,5,5,5
20,20,20,20,20,20,10,10,10,10,10,10,10,10,10,10,10,10,10,10
20,20,20,20,20,20,20,10,10,5,5,5,5,5,5,5,5,5,5,5
20,20,20,20,20,20,10,10,5,5,5,5,5,5,5,5,5,5,5,5
20,20,20,20,20,20,10,10,10,10,10,10,10,10,10,10,10,10,10,10
20,20,20,20,20,20,10,10,10,10,10,10,10,10,10,10,10,10,10,10
20,20,20,20,20,20,20,10,10,5,5,5,5,5,5,5,5,5,5,5
20,20,20,20,20,20,10,10,10,10,10,10,10,10,10,10,10,10,10,10
20,20,20,20,20,20,10,10,5,5,5,5,5,5,5,5,5,5,5,5
20,20,20,20,20,20,10,10,5,5,5,5,5,5,5,5,5,5,5,5
20,20,20,20,20,20,10,10,5,5,5,5,5,5,5,5,5,5,5,5
20,20,20,20,20,20,10,10,5,5,5,5,5,5,5,5,5,5,5,5
20,20,20,20,20,20,10,10,5,5,5,5,5,5,5,5,5,5,5,5
20,20,20,20,20,20,10,10,5,5,5,5,5,5,5,5,5,5,5,5
20,20,20,20,20,20,10,10,10,10,10,10,10,10,10,10,10,10,10,10
20,20,20,20,20,20,10,10,10,10,10,10,10,10,10,10,10,10,10,10
20,20,20,20,20,20,10,10,10,10,10,10,10,10,10,10,10,10,10,10
20,20,20,20,20,20,10,10,5,5,5,5,5,5,5,5,5,5,5,5
20,20,20,20,20,20,10,10,5,5,5,5,5,5,5,5,5,5,5,5
20,20,20,20,20,20,10,10,5,5,5,5,5,5,5,5,5,5,5,5
20,20,20,20,20,20,20,10,10,5,5,5,5,5,5,5,5,5,5,5
20,20,20,20,20,20,20,10,10,5,5,5,5,5,5,5,5,5,5,5
20,20,20,20,20,20,10,10,5,5,5,5,5,5,5,5,5,5,5,5
20,20,20,20,20,20,10,10,5,5,5,5,5,5,5,5,5,5,5,5
20,20,20,20,20,20,20,10,10,5,5,5,5,5,5,5,5,5,5,5
20,20,20,20,20,20,10,10,10,10,10,10,10,10,10,10,10,10,10,10
20,20,20,20,20,20,10,10,5,5,5,5,5,5,5,5,5,5,5,5
20,20,20,20,20,20,10,10,10,10,10,10,10,10,10,10,10,10,10,10
20,20,20,20,20,20,10,10,10,10,10,10,10,10,10,10,10,10,10,10
20,20,20,20,20,20,10,10,10,10,10,10,10,10,10,10,10,10,10,10
20,20,20,20,20,20,10,10,10,10,10,10,10,10,10,10,10,10,10,10
20,20,20,20,20,20,10,10,10,10,10,10,10,10,10,10,10,10,10,10
20,20,20,20,20,20,10,10,10,10,10,10,10,10,10,10,10,10,10,10
20,20,20,20,20,20,10,10,10,10,10,10,10,10,10,10,10,10,10,10
20,20,20,20,20,20,10,10,10,10,10,10,10,10,10,10,10,10,10,10
20,20,20,20,20,20,10,10,5,5,5,5,5,5,5,5,5,5,5,5
20,20,20,20,20,20,10,10,10,10,10,10,10,10,10,10,10,10,10,10
20,20,20,20,20,20,20,10,10,5,5,5,5,5,5,5,5,5,5,5
20,20,20,20,20,20,20,10,10,5,5,5,5,5,5,5,5,5,5,5
20,20,20,20,20,20,20,10,10,5,5,5,5,5,5,5,5,5,5,5
20,20,20,20,20,20,20,10,10,5,5,5,5,5,5,5,5,5,5,5
20,20,20,20,20,20,20,10,10,5,5,5,5,5,5,5,5,5,5,5
20,20,20,20,20,20,10,10,5,5,5,5,5,5,5,5,5,5,5,5
20,20,20,20,20,20,10,10,5,5,5,5,5,5,5,5,5,5,5,5
20,20,20,20,20,20,20,10,10,5,5,5,5,5,5,5,5,5,5,5
20,20,20,20,20,20,10,10,5,5,5,5,5,5,5,5,5,5,5,5
20,20,20,20,20,20,10,10,5,5,5,5,5,5,5,5,5,5,5,5
20,20,20,20,20,20,10,10,5,5,5,5,5,5,5,5,5,5,5,5
20,20,20,20,20,20,10,10,5,5,5,5,5,5,5,5,5,5,5,5
20,20,20,20,20,20,10,10,5,5,5,5,5,5,5,5,5,5,5,5
20,20,20,20,20,20,20,10,10,5,5,5,5,5,5,5,5,5,5,5
20,20,20,20,20,20,10,10,5,5,5,5,5,5,5,5,5,5,5,5
20,20,20,20,20,20,10,10,5,5,5,5,5,5,5,5,5,5,5,5
20,20,20,20,20,20,10,10,5,5,5,5,5,5,5,5,5,5,5,5
20,20,20,20,20,20,10,10,10,10,10,10,10,10,10,10,10,10,10,10
20,20,20,20,20,20,20,10,10,5,5,5,5,5,5,5,5,5,5,5
20,20,20,20,20,20,20,10,10,5,5,5,5,5,5,5,5,5,5,5
20,20,20,20,20,20,20,10,10,5,5,5,5,5,5,5,5,5,5,5
20,20,20,20,20,20,10,10,5,5,5,5,5,5,5,5,5,5,5,5
20,20,20,20,20,20,10,10,5,5,5,5,5,5,5,5,5,5,5,5
20,20,20,20,20,20,10,10,5,5,5,5,5,5,5,5,5,5,5,5
20,20,20,20,20,20,10,10,5,5,5,5,5,5,5,5,5,5,5,5
20,20,20,20,20,20,10,10,5,5,5,5,5,5,5,5,5,5,5,5
20,20,20,20,20,20,10,10,5,5,5,5,5,5,5,5,5,5,5,5
20,20,20,20,20,20,10,10,5,5,5,5,5,5,5,5,5,5,5,5
20,20,20,20,20,20,10,10,5,5,5,5,5,5,5,5,5,5,5,5
20,20,20,20,20,20,10,10,5,5,5,5,5,5,5,5,5,5,5,5
20,20,20,20,20,20,20,10,10,5,5,5,5,5,5,5,5,5,5,5
20,20,20,20,20,20,10,10,10,10,10,10,10,10,10,10,10,10,10,10
20,20,20,20,20,20,10,10,10,10,10,10,10,10,10,10,10,10,10,10
20,20,20,20,20,20,10,10,10,10,10,10,10,10,10,10,10,10,10,10
20,20,20,20,20,20,10,10,10,10,10,10,10,10,10,10,10,10,10,10
20,20,20,20,20,20,20,10,10,5,5,5,5,5,5,5,5,5,5,5
20,20,20,20,20,20,20,10,10,5,5,5,5,5,5,5,5,5,5,5
20,20,20,20,20,20,20,10,10,5,5,5,5,5,5,5,5,5,5,5
20,20,20,20,20,20,20,10,10,5,5,5,5,5,5,5,5,5,5,5
20,20,20,20,20,20,20,10,10,5,5,5,5,5,5,5,5,5,5,5
20,20,20,20,20,20,20,10,10,5,5,5,5,5,5,5,5,5,5,5
20,20,20,20,20,20,20,10,10,5,5,5,5,5,5,5,5,5,5,5
20,20,20,20,20,20,10,10,10,10,10,10,10,10,10,10,10,10,10,10
20,20,20,20,20,20,10,10,5,5,5,5,5,5,5,5,5,5,5,5
20,20,20,20,20,20,10,10,5,5,5,5,5,5,5,5,5,5,5,5
20,20,20,20,20,20,10,10,5,5,5,5,5,5,5,5,5,5,5,5
20,20,20,20,20,20,10,10,5,5,5,5,5,5,5,5,5,5,5,5
20,20,20,20,20,20,10,10,5,5,5,5,5,5,5,5,5,5,5,5
20,20,20,20,20,20,10,10,10,10,10,10,10,10,10,10,10,10,10,10
20,20,20,20,20,20,10,10,10,10,10,10,10,10,10,10,10,10,10,10
20,20,20,20,20,20,10,10,10,10,10,10,10,10,10,10,10,10,10,10
20,20,20,20,20,20,10,10,10,10,10,10,10,10,10,10,10,10,10,10
20,20,20,20,20,20,10,10,10,10,10,10,10,10,10,10,10,10,10,10
20,20,20,20,20,20,10,10,5,5,5,5,5,5,5,5,5,5,5,5
20,20,20,20,20,20,10,10,10,10,10,10,10,10,10,10,10,10,10,10
20,20,20,20,20,20,10,10,5,5,5,5,5,5,5,5,5,5,5,5
20,20,20,20,20,20,10,10,5,5,5,5,5,5,5,5,5,5,5,5
20,20,20,20,20,20,10,10,5,5,5,5,5,5,5,5,5,5,5,5
20,20,20,20,20,20,10,10,5,5,5,5,5,5,5,5,5,5,5,5
20,20,20,20,20,20,10,10,5,5,5,5,5,5,5,5,5,5,5,5
20,20,20,20,20,20,10,10,5,5,5,5,5,5,5,5,5,5,5,5
20,20,20,20,20,20,10,10,5,5,5,5,5,5,5,5,5,5,5,5
20,20,20,20,20,20,10,10,5,5,5,5,5,5,5,5,5,5,5,5
20,20,20,20,20,20,20,10,10,5,5,5,5,5,5,5,5,5,5,5
20,20,20,20,20,20,10,10,10,10,10,10,10,10,10,10,10,10,10,10
20,20,20,20,20,20,10,10,10,10,10,10,10,10,10,10,10,10,10,10
20,20,20,20,20,20,10,10,10,10,10,10,10,10,10,10,10,10,10,10
20,20,20,20,20,20,20,10,10,5,5,5,5,5,5,5,5,5,5,5
20,20,20,20,20,20,20,10,10,5,5,5,5,5,5,5,5,5,5,5
20,20,20,20,20,20,10,10,5,5,5,5,5,5,5,5,5,5,5,5
20,20,20,20,20,20,10,10,5,5,5,5,5,5,5,5,5,5,5,5
20,20,20,20,20,20,10,10,10,10,10,10,10,10,10,10,10,10,10,10
20,20,20,20,20,20,10,10,5,5,5,5,5,5,5,5,5,5,5,5
20,20,20,20,20,20,10,10,5,5,5,5,5,5,5,5,5,5,5,5
20,20,20,20,20,20,10,10,5,5,5,5,5,5,5,5,5,5,5,5
20,20,20,20,20,20,10,10,5,5,5,5,5,5,5,5,5,5,5,5
20,20,20,20,20,20,10,10,5,5,5,5,5,5,5,5,5,5,5,5
20,20,20,20,20,20,10,10,5,5,5,5,5,5,5,5,5,5,5,5
20,20,20,20,20,20,10,10,5,5,5,5,5,5,5,5,5,5,5,5
20,20,20,20,20,20,10,10,5,5,5,5,5,5,5,5,5,5,5,5
20,20,20,20,20,20,20,10,10,5,5,5,5,5,5,5,5,5,5,5
20,20,20,20,20,20,20,10,10,5,5,5,5,5,5,5,5,5,5,5
20,20,20,20,20,20,20,10,10,5,5,5,5,5,5,5,5,5,5,5
20,20,20,20,20,20,20,10,10,5,5,5,5,5,5,5,5,5,5,5
20,20,20,20,20,20,20,10,10,5,5,5,5,5,5,5,5,5,5,5
20,20,20,20,20,20,20,10,10,5,5,5,5,5,5,5,5,5,5,5
20,20,20,20,20,20,10,10,10,10,10,10,10,10,10,10,10,10,10,10
20,20,20,20,20,20,20,10,10,5,5,5,5,5,5,5,5,5,5,5
20,20,20,20,20,20,10,10,5,5,5,5,5,5,5,5,5,5,5,5
20,20,20,20,20,20,20,10,10,5,5,5,5,5,5,5,5,5,5,5
20,20,20,20,20,20,10,10,5,5,5,5,5,5,5,5,5,5,5,5
20,20,20,20,20,20,10,10,5,5,5,5,5,5,5,5,5,5,5,5
20,20,20,20,20,20,10,10,5,5,5,5,5,5,5,5,5,5,5,5
20,20,20,20,20,20,10,10,5,5,5,5,5,5,5,5,5,5,5,5
20,20,20,20,20,20,20,10,10,5,5,5,5,5,5,5,5,5,5,5
20,20,20,20,20,20,10,10,10,10,10,10,10,10,10,10,10,10,10,10
20,20,20,20,20,20,10,10,5,5,5,5,5,5,5,5,5,5,5,5
20,20,20,20,20,20,10,10,10,10,10,10,10,10,10,10,10,10,10,10
20,20,20,20,20,20,10,10,10,10,10,10,10,10,10,10,10,10,10,10
20,20,20,20,20,20,10,10,10,10,10,10,10,10,10,10,10,10,10,10
20,20,20,20,20,20,10,10,5,5,5,5,5,5,5,5,5,5,5,5
20,20,20,20,20,20,20,10,10,5,5,5,5,5,5,5,5,5,5,5
20,20,20,20,20,20,10,10,5,5,5,5,5,5,5,5,5,5,5,5
20,20,20,20,20,20,10,10,10,10,10,10,10,10,10,10,10,10,10,10
20,20,20,20,20,20,10,10,5,5,5,5,5,5,5,5,5,5,5,5
20,20,20,20,20,20,20,10,10,5,5,5,5,5,5,5,5,5,5,5
20,20,20,20,20,20,20,10,10,5,5,5,5,5,5,5,5,5,5,5
20,20,20,20,20,20,10,10,10,10,10,10,10,10,10,10,10,10,10,10
20,20,20,20,20,20,10,10,5,5,5,5,5,5,5,5,5,5,5,5
20,20,20,20,20,20,10,10,10,10,10,10,10,10,10,10,10,10,10,10
20,20,20,20,20,20,20,10,10,5,5,5,5,5,5,5,5,5,5,5
20,20,20,20,20,20,20,10,10,5,5,5,5,5,5,5,5,5,5,5
20,20,20,20,20,20,10,10,5,5,5,5,5,5,5,5,5,5,5,5
20,20,20,20,20,20,10,10,5,5,5,5,5,5,5,5,5,5,5,5
20,20,20,20,20,20,10,10,10,10,10,10,10,10,10,10,10,10,10,10
20,20,20,20,20,20,20,10,10,5,5,5,5,5,5,5,5,5,5,5
20,20,20,20,20,20,10,10,5,5,5,5,5,5,5,5,5,5,5,5
20,20,20,20,20,20,10,10,5,5,5,5,5,5,5,5,5,5,5,5
20,20,20,20,20,20,10,10,5,5,5,5,5,5,5,5,5,5,5,5
20,20,20,20,20,20,10,10,5,5,5,5,5,5,5,5,5,5,5,5
20,20,20,20,20,20,10,10,5,5,5,5,5,5,5,5,5,5,5,5
20,20,20,20,20,20,10,10,5,5,5,5,5,5,5,5,5,5,5,5
20,20,20,20,20,20,10,10,5,5,5,5,5,5,5,5,5,5,5,5
20,20,20,20,20,20,10,10,5,5,5,5,5,5,5,5,5,5,5,5
20,20,20,20,20,20,10,10,5,5,5,5,5,5,5,5,5,5,5,5
20,20,20,20,20,20,10,10,10,10,10,10,10,10,10,10,10,10,10,10
20,20,20,20,20,20,20,10,10,5,5,5,5,5,5,5,5,5,5,5
20,20,20,20,20,20,10,10,5,5,5,5,5,5,5,5,5,5,5,5
20,20,20,20,20,20,10,10,10,10,10,10,10,10,10,10,10,10,10,10
20,20,20,20,20,20,20,10,10,5,5,5,5,5,5,5,5,5,5,5
20,20,20,20,20,20,10,10,5,5,5,5,5,5,5,5,5,5,5,5
20,20,20,20,20,20,10,10,5,5,5,5,5,5,5,5,5,5,5,5
20,20,20,20,20,20,10,10,5,5,5,5,5,5,5,5,5,5,5,5
20,20,20,20,20,20,10,10,10,10,10,10,10,10,10,10,10,10,10,10
20,20,20,20,20,20,20,10,10,5,5,5,5,5,5,5,5,5,5,5
20,20,20,20,20,20,10,10,5,5,5,5,5,5,5,5,5,5,5,5
20,20,20,20,20,20,10,10,5,5,5,5,5,5,5,5,5,5,5,5
20,20,20,20,20,20,10,10,5,5,5,5,5,5,5,5,5,5,5,5
20,20,20,20,20,20,10,10,10,10,10,10,10,10,10,10,10,10,10,10
20,20,20,20,20,20,20,10,10,5,5,5,5,5,5,5,5,5,5,5
20,20,20,20,20,20,10,10,5,5,5,5,5,5,5,5,5,5,5,5
20,20,20,20,20,20,10,10,5,5,5,5,5,5,5,5,5,5,5,5
20,20,20,20,20,20,10,10,10,10,10,10,10,10,10,10,10,10,10,10
20,20,20,20,20,20,10,10,5,5,5,5,5,5,5,5,5,5,5,5
20,20,20,20,20,20,10,10,5,5,5,5,5,5,5,5,5,5,5,5
20,20,20,20,20,20,10,10,5,5,5,5,5,5,5,5,5,5,5,5
20,20,20,20,20,20,10,10,5,5,5,5,5,5,5,5,5,5,5,5
20,20,20,20,20,20,10,10,5,5,5,5,5,5,5,5,5,5,5,5
20,20,20,20,20,20,10,10,5,5,5,5,5,5,5,5,5,5,5,5
20,20,20,20,20,20,10,10,5,5,5,5,5,5,5,5,5,5,5,5
20,20,20,20,20,20,10,10,5,5,5,5,5,5,5,5,5,5,5,5
20,20,20,20,20,20,10,10,5,5,5,5,5,5,5,5,5,5,5,5
20,20,20,20,20,20,10,10,5,5,5,5,5,5,5,5,5,5,5,5
20,20,20,20,20,20,10,10,5,5,5,5,5,5,5,5,5,5,5,5
20,20,20,20,20,20,10,10,5,5,5,5,5,5,5,5,5,5,5,5
20,20,20,20,20,20,10,10,10,10,10,10,10,10,10,10,10,10,10,10
20,20,20,20,20,20,20,10,10,5,5,5,5,5,5,5,5,5,5,5
20,20,20,20,20,20,20,10,10,5,5,5,5,5,5,5,5,5,5,5
20,20,20,20,20,20,20,10,10,5,5,5,5,5,5,5,5,5,5,5
20,20,20,20,20,20,20,10,10,5,5,5,5,5,5,5,5,5,5,5
20,20,20,20,20,20,10,10,10,10,10,10,10,10,10,10,10,10,10,10
20,20,20,20,20,20,10,10,10,10,10,10,10,10,10,10,10,10,10,10
20,20,20,20,20,20,20,10,10,5,5,5,5,5,5,5,5,5,5,5
20,20,20,20,20,20,10,10,5,5,5,5,5,5,5,5,5,5,5,5
20,20,20,20,20,20,10,10,5,5,5,5,5,5,5,5,5,5,5,5
20,20,20,20,20,20,20,10,10,5,5,5,5,5,5,5,5,5,5,5
20,20,20,20,20,20,10,10,5,5,5,5,5,5,5,5,5,5,5,5
20,20,20,20,20,20,10,10,10,10,10,10,10,10,10,10,10,10,10,10
20,20,20,20,20,20,20,10,10,5,5,5,5,5,5,5,5,5,5,5
20,20,20,20,20,20,10,10,10,10,10,10,10,10,10,10,10,10,10,10
20,20,20,20,20,20,10,10,10,10,10,10,10,10,10,10,10,10,10,10
20,20,20,20,20,20,20,10,10,5,5,5,5,5,5,5,5,5,5,5
20,20,20,20,20,20,20,10,10,5,5,5,5,5,5,5,5,5,5,5
20,20,20,20,20,20,20,10,10,5,5,5,5,5,5,5,5,5,5,5
20,20,20,20,20,20,20,10,10,5,5,5,5,5,5,5,5,5,5,5
20,20,20,20,20,20,20,10,10,5,5,5,5,5,5,5,5,5,5,5
20,20,20,20,20,20,10,10,5,5,5,5,5,5,5,5,5,5,5,5
20,20,20,20,20,20,10,10,5,5,5,5,5,5,5,5,5,5,5,5
20,20,20,20,20,20,10,10,5,5,5,5,5,5,5,5,5,5,5,5
20,20,20,20,20,20,10,10,5,5,5,5,5,5,5,5,5,5,5,5
20,20,20,20,20,20,10,10,5,5,5,5,5,5,5,5,5,5,5,5
20,20,20,20,20,20,10,10,5,5,5,5,5,5,5,5,5,5,5,5
20,20,20,20,20,20,10,10,5,5,5,5,5,5,5,5,5,5,5,5
20,20,20,20,20,20,10,10,5,5,5,5,5,5,5,5,5,5,5,5
20,20,20,20,20,20,10,10,10,10,10,10,10,10,10,10,10,10,10,10
20,20,20,20,20,20,20,10,10,5,5,5,5,5,5,5,5,5,5,5
20,20,20,20,20,20,10,10,10,10,10,10,10,10,10,10,10,10,10,10
20,20,20,20,20,20,10,10,5,5,5,5,5,5,5,5,5,5,5,5
20,20,20,20,20,20,20,10,10,5,5,5,5,5,5,5,5,5,5,5
20,20,20,20,20,20,10,10,10,10,10,10,10,10,10,10,10,10,10,10
20,20,20,20,20,20,20,10,10,5,5,5,5,5,5,5,5,5,5,5
20,20,20,20,20,20,10,10,10,10,10,10,10,10,10,10,10,10,10,10
20,20,20,20,20,20,20,10,10,5,5,5,5,5,5,5,5,5,5,5
20,20,20,20,20,20,20,10,10,5,5,5,5,5,5,5,5,5,5,5
20,20,20,20,20,20,20,10,10,5,5,5,5,5,5,5,5,5,5,5
20,20,20,20,20,20,10,10,5,5,5,5,5,5,5,5,5,5,5,5
20,20,20,20,20,20,10,10,5,5,5,5,5,5,5,5,5,5,5,5
20,20,20,20,20,20,10,10,5,5,5,5,5,5,5,5,5,5,5,5
20,20,20,20,20,20,10,10,5,5,5,5,5,5,5,5,5,5,5,5
20,20,20,20,20,20,10,10,5,5,5,5,5,5,5,5,5,5,5,5
20,20,20,20,20,20,10,10,5,5,5,5,5,5,5,5,5,5,5,5
20,20,20,20,20,20,10,10,5,5,5,5,5,5,5,5,5,5,5,5
20,20,20,20,20,20,10,10,5,5,5,5,5,5,5,5,5,5,5,5
20,20,20,20,20,20,10,10,5,5,5,5,5,5,5,5,5,5,5,5
20,20,20,20,20,20,10,10,10,10,10,10,10,10,10,10,10,10,10,10
20,20,20,20,20,20,20,10,10,5,5,5,5,5,5,5,5,5,5,5
20,20,20,20,20,20,20,10,10,5,5,5,5,5,5,5,5,5,5,5
20,20,20,20,20,20,20,10,10,5,5,5,5,5,5,5,5,5,5,5
20,20,20,20,20,20,20,10,10,5,5,5,5,5,5,5,5,5,5,5
20,20,20,20,20,20,20,10,10,5,5,5,5,5,5,5,5,5,5,5
20,20,20,20,20,20,20,10,10,5,5,5,5,5,5,5,5,5,5,5
20,20,20,20,20,20,10,10,10,10,10,10,10,10,10,10,10,10,10,10
20,20,20,20,20,20,10,10,10,10,10,10,10,10,10,10,10,10,10,10
20,20,20,20,20,20,10,10,5,5,5,5,5,5,5,5,5,5,5,5
20,20,20,20,20,20,20,10,10,5,5,5,5,5,5,5,5,5,5,5
20,20,20,20,20,20,10,10,5,5,5,5,5,5,5,5,5,5,5,5
20,20,20,20,20,20,10,10,5,5,5,5,5,5,5,5,5,5,5,5
20,20,20,20,20,20,10,10,5,5,5,5,5,5,5,5,5,5,5,5
20,20,20,20,20,20,20,10,10,5,5,5,5,5,5,5,5,5,5,5
20,20,20,20,20,20,10,10,10,10,10,10,10,10,10,10,10,10,10,10
20,20,20,20,20,20,10,10,10,10,10,10,10,10,10,10,10,10,10,10
20,20,20,20,20,20,10,10,5,5,5,5,5,5,5,5,5,5,5,5
20,20,20,20,20,20,10,10,5,5,5,5,5,5,5,5,5,5,5,5
20,20,20,20,20,20,10,10,10,10,10,10,10,10,10,10,10,10,10,10
20,20,20,20,20,20,10,10,5,5,5,5,5,5,5,5,5,5,5,5
20,20,20,20,20,20,10,10,5,5,5,5,5,5,5,5,5,5,5,5
20,20,20,20,20,20,10,10,5,5,5,5,5,5,5,5,5,5,5,5
20,20,20,20,20,20,10,10,5,5,5,5,5,5,5,5,5,5,5,5
20,20,20,20,20,20,20,10,10,5,5,5,5,5,5,5,5,5,5,5
20,20,20,20,20,20,10,10,5,5,5,5,5,5,5,5,5,5,5,5
20,20,20,20,20,20,10,10,5,5,5,5,5,5,5,5,5,5,5,5
20,20,20,20,20,20,10,10,5,5,5,5,5,5,5,5,5,5,5,5
20,20,20,20,20,20,10,10,5,5,5,5,5,5,5,5,5,5,5,5
20,20,20,20,20,20,10,10,5,5,5,5,5,5,5,5,5,5,5,5
20,20,20,20,20,20,10,10,5,5,5,5,5,5,5,5,5,5,5,5
20,20,20,20,20,20,10,10,5,5,5,5,5,5,5,5,5,5,5,5
20,20,20,20,20,20,10,10,5,5,5,5,5,5,5,5,5,5,5,5
20,20,20,20,20,20,10,10,5,5,5,5,5,5,5,5,5,5,5,5
20,20,20,20,20,20,20,10,10,5,5,5,5,5,5,5,5,5,5,5
20,20,20,20,20,20,10,10,10,10,10,10,10,10,10,10,10,10,10,10
20,20,20,20,20,20,10,10,10,10,10,10,10,10,10,10,10,10,10,10
20,20,20,20,20,20,10,10,5,5,5,5,5,5,5,5,5,5,5,5
20,20,20,20,20,20,10,10,5,5,5,5,5,5,5,5,5,5,5,5
20,20,20,20,20,20,10,10,10,10,10,10,10,10,10,10,10,10,10,10
20,20,20,20,20,20,20,10,10,5,5,5,5,5,5,5,5,5,5,5
20,20,20,20,20,20,20,10,10,5,5,5,5,5,5,5,5,5,5,5
20,20,20,20,20,20,10,10,5,5,5,5,5,5,5,5,5,5,5,5
20,20,20,20,20,20,10,10,5,5,5,5,5,5,5,5,5,5,5,5
20,20,20,20,20,20,10,10,10,10,10,10,10,10,10,10,10,10,10,10
20,20,20,20,20,20,10,10,5,5,5,5,5,5,5,5,5,5,5,5
20,20,20,20,20,20,10,10,10,10,10,10,10,10,10,10,10,10,10,10
20,20,20,20,20,20,20,10,10,5,5,5,5,5,5,5,5,5,5,5
20,20,20,20,20,20,10,10,5,5,5,5,5,5,5,5,5,5,5,5
20,20,20,20,20,20,10,10,5,5,5,5,5,5,5,5,5,5,5,5
20,20,20,20,20,20,10,10,5,5,5,5,5,5,5,5,5,5,5,5
20,20,20,20,20,20,10,10,5,5,5,5,5,5,5,5,5,5,5,5
20,20,20,20,20,20,10,10,5,5,5,5,5,5,5,5,5,5,5,5
20,20,20,20,20,20,10,10,5,5,5,5,5,5,5,5,5,5,5,5
20,20,20,20,20,20,10,10,5,5,5,5,5,5,5,5,5,5,5,5
20,20,20,20,20,20,20,10,10,5,5,5,5,5,5,5,5,5,5,5
20,20,20,20,20,20,10,10,10,10,10,10,10,10,10,10,10,10,10,10
20,20,20,20,20,20,10,10,10,10,10,10,10,10,10,10,10,10,10,10
20,20,20,20,20,20,10,10,10,10,10,10,10,10,10,10,10,10,10,10
20,20,20,20,20,20,10,10,10,10,10,10,10,10,10,10,10,10,10,10
20,20,20,20,20,20,10,10,5,5,5,5,5,5,5,5,5,5,5,5
20,20,20,20,20,20,10,10,10,10,10,10,10,10,10,10,10,10,10,10
20,20,20,20,20,20,20,10,10,5,5,5,5,5,5,5,5,5,5,5
20,20,20,20,20,20,10,10,5,5,5,5,5,5,5,5,5,5,5,5
20,20,20,20,20,20,10,10,5,5,5,5,5,5,5,5,5,5,5,5
20,20,20,20,20,20,20,10,10,5,5,5,5,5,5,5,5,5,5,5
20,20,20,20,20,20,10,10,5,5,5,5,5,5,5,5,5,5,5,5
20,20,20,20,20,20,10,10,5,5,5,5,5,5,5,5,5,5,5,5
20,20,20,20,20,20,10,10,5,5,5,5,5,5,5,5,5,5,5,5
20,20,20,20,20,20,10,10,5,5,5,5,5,5,5,5,5,5,5,5
20,20,20,20,20,20,10,10,5,5,5,5,5,5,5,5,5,5,5,5
20,20,20,20,20,20,10,10,5,5,5,5,5,5,5,5,5,5,5,5
20,20,20,20,20,20,10,10,5,5,5,5,5,5,5,5,5,5,5,5
20,20,20,20,20,20,10,10,5,5,5,5,5,5,5,5,5,5,5,5
20,20,20,20,20,20,20,10,10,5,5,5,5,5,5,5,5,5,5,5
20,20,20,20,20,20,10,10,5,5,5,5,5,5,5,5,5,5,5,5
20,20,20,20,20,20,10,10,5,5,5,5,5,5,5,5,5,5,5,5
20,20,20,20,20,20,20,10,10,5,5,5,5,5,5,5,5,5,5,5
20,20,20,20,20,20,10,10,5,5,5,5,5,5,5,5,5,5,5,5
20,20,20,20,20,20,10,10,10,10,10,10,10,10,10,10,10,10,10,10
20,20,20,20,20,20,10,10,10,10,10,10,10,10,10,10,10,10,10,10
20,20,20,20,20,20,10,10,10,10,10,10,10,10,10,10,10,10,10,10
20,20,20,20,20,20,10,10,10,10,10,10,10,10,10,10,10,10,10,10
20,20,20,20,20,20,20,10,10,5,5,5,5,5,5,5,5,5,5,5
20,20,20,20,20,20,10,10,5,5,5,5,5,5,5,5,5,5,5,5
20,20,20,20,20,20,20,10,10,5,5,5,5,5,5,5,5,5,5,5
20,20,20,20,20,20,10,10,10,10,10,10,10,10,10,10,10,10,10,10
20,20,20,20,20,20,10,10,5,5,5,5,5,5,5,5,5,5,5,5
20,20,20,20,20,20,10,10,5,5,5,5,5,5,5,5,5,5,5,5
20,20,20,20,20,20,20,10,10,5,5,5,5,5,5,5,5,5,5,5
20,20,20,20,20,20,20,10,10,5,5,5,5,5,5,5,5,5,5,5
20,20,20,20,20,20,10,10,10,10,10,10,10,10,10,10,10,10,10,10
20,20,20,20,20,20,10,10,5,5,5,5,5,5,5,5,5,5,5,5
20,20,20,20,20,20,10,10,5,5,5,5,5,5,5,5,5,5,5,5
20,20,20,20,20,20,10,10,5,5,5,5,5,5,5,5,5,5,5,5
20,20,20,20,20,20,10,10,5,5,5,5,5,5,5,5,5,5,5,5
20,20,20,20,20,20,10,10,5,5,5,5,5,5,5,5,5,5,5,5
20,20,20,20,20,20,10,10,5,5,5,5,5,5,5,5,5,5,5,5
20,20,20,20,20,20,10,10,5,5,5,5,5,5,5,5,5,5,5,5
20,20,20,20,20,20,10,10,5,5,5,5,5,5,5,5,5,5,5,5
20,20,20,20,20,20,20,10,10,5,5,5,5,5,5,5,5,5,5,5
20,20,20,20,20,20,10,10,5,5,5,5,5,5,5,5,5,5,5,5
20,20,20,20,20,20,10,10,5,5,5,5,5,5,5,5,5,5,5,5
20,20,20,20,20,20,20,10,10,5,5,5,5,5,5,5,5,5,5,5
20,20,20,20,20,20,10,10,5,5,5,5,5,5,5,5,5,5,5,5
20,20,20,20,20,20,20,10,10,5,5,5,5,5,5,5,5,5,5,5
20,20,20,20,20,20,20,10,10,5,5,5,5,5,5,5,5,5,5,5
20,20,20,20,20,20,10,10,5,5,5,5,5,5,5,5,5,5,5,5
20,20,20,20,20,20,10,10,5,5,5,5,5,5,5,5,5,5,5,5
20,20,20,20,20,20,20,10,10,5,5,5,5,5,5,5,5,5,5,5
20,20,20,20,20,20,20,10,10,5,5,5,5,5,5,5,5,5,5,5
20,20,20,20,20,20,10,10,5,5,5,5,5,5,5,5,5,5,5,5
20,20,20,20,20,20,10,10,5,5,5,5,5,5,5,5,5,5,5,5
20,20,20,20,20,20,20,10,10,5,5,5,5,5,5,5,5,5,5,5
20,20,20,20,20,20,10,10,10,10,10,10,10,10,10,10,10,10,10,10
20,20,20,20,20,20,10,10,5,5,5,5,5,5,5,5,5,5,5,5
20,20,20,20,20,20,10,10,5,5,5,5,5,5,5,5,5,5,5,5
20,20,20,20,20,20,10,10,5,5,5,5,5,5,5,5,5,5,5,5
20,20,20,20,20,20,10,10,5,5,5,5,5,5,5,5,5,5,5,5
20,20,20,20,20,20,10,10,5,5,5,5,5,5,5,5,5,5,5,5
20,20,20,20,20,20,20,10,10,5,5,5,5,5,5,5,5,5,5,5
20,20,20,20,20,20,20,10,10,5,5,5,5,5,5,5,5,5,5,5
20,20,20,20,20,20,20,10,10,5,5,5,5,5,5,5,5,5,5,5
20,20,20,20,20,20,10,10,10,10,10,10,10,10,10,10,10,10,10,10
20,20,20,20,20,20,10,10,10,10,10,10,10,10,10,10,10,10,10,10
20,20,20,20,20,20,10,10,5,5,5,5,5,5,5,5,5,5,5,5
20,20,20,20,20,20,10,10,5,5,5,5,5,5,5,5,5,5,5,5
20,20,20,20,20,20,20,10,10,5,5,5,5,5,5,5,5,5,5,5
20,20,20,20,20,20,10,10,5,5,5,5,5,5,5,5,5,5,5,5
20,20,20,20,20,20,10,10,5,5,5,5,5,5,5,5,5,5,5,5
20,20,20,20,20,20,10,10,5,5,5,5,5,5,5,5,5,5,5,5
20,20,20,20,20,20,10,10,5,5,5,5,5,5,5,5,5,5,5,5
20,20,20,20,20,20,10,10,5,5,5,5,5,5,5,5,5,5,5,5
20,20,20,20,20,20,10,10,5,5,5,5,5,5,5,5,5,5,5,5
20,20,20,20,20,20,20,10,10,5,5,5,5,5,5,5,5,5,5,5
20,20,20,20,20,20,20,10,10,5,5,5,5,5,5,5,5,5,5,5
20,20,20,20,20,20,10,10,10,10,10,10,10,10,10,10,10,10,10,10
20,20,20,20,20,20,10,10,5,5,5,5,5,5,5,5,5,5,5,5
20,20,20,20,20,20,10,10,5,5,5,5,5,5,5,5,5,5,5,5
20,20,20,20,20,20,10,10,10,10,10,10,10,10,10,10,10,10,10,10
20,20,60,120,180,20,10,10,10,10,10,10,10,10,10,10,10,10,10,10
20,20,20,20,20,20,10,10,5,5,5,5,5,5,5,5,5,5,5,5
20,20,20,20,20,20,10,10,5,5,5,5,5,5,5,5,5,5,5,5
20,20,20,20,20,20,10,10,5,5,5,5,5,5,5,5,5,5,5,5
20,20,20,20,20,20,20,10,10,5,5,5,5,5,5,5,5,5,5,5
20,20,20,20,20,20,10,10,5,5,5,5,5,5,5,5,5,5,5,5
20,20,20,20,20,20,10,10,5,5,5,5,5,5,5,5,5,5,5,5
20,20,20,20,20,20,10,10,5,5,5,5,5,5,5,5,5,5,5,5
20,20,20,20,20,20,10,10,5,5,5,5,5,5,5,5,5,5,5,5
20,20,20,20,20,20,10,10,10,10,10,10,10,10,10,10,10,10,10,10
20,20,20,20,20,20,10,10,10,10,10,10,10,10,10,10,10,10,10,10
20,20,20,20,20,20,10,10,5,5,5,5,5,5,5,5,5,5,5,5
20,20,20,20,20,20,10,10,5,5,5,5,5,5,5,5,5,5,5,5
20,20,20,20,20,20,10,10,5,5,5,5,5,5,5,5,5,5,5,5
20,20,20,20,20,20,10,10,5,5,5,5,5,5,5,5,5,5,5,5
20,20,20,20,20,20,10,10,5,5,5,5,5,5,5,5,5,5,5,5
20,20,20,20,20,20,10,10,5,5,5,5,5,5,5,5,5,5,5,5
20,20,20,20,20,20,10,10,5,5,5,5,5,5,5,5,5,5,5,5
20,20,20,20,20,20,10,10,5,5,5,5,5,5,5,5,5,5,5,5
20,20,20,20,20,20,20,10,10,5,5,5,5,5,5,5,5,5,5,5
20,20,20,20,20,20,20,10,10,5,5,5,5,5,5,5,5,5,5,5
20,20,20,20,20,20,20,10,10,5,5,5,5,5,5,5,5,5,5,5
20,20,20,20,20,20,20,10,10,5,5,5,5,5,5,5,5,5,5,5
20,20,20,20,20,20,20,10,10,5,5,5,5,5,5,5,5,5,5,5
20,20,20,20,20,20,10,10,5,5,5,5,5,5,5,5,5,5,5,5
20,20,20,20,20,20,10,10,5,5,5,5,5,5,5,5,5,5,5,5
20,20,20,20,20,20,10,10,5,5,5,5,5,5,5,5,5,5,5,5
20,20,20,20,20,20,10,10,5,5,5,5,5,5,5,5,5,5,5,5
20,20,20,20,20,20,10,10,5,5,5,5,5,5,5,5,5,5,5,5
20,20,20,20,20,20,10,10,5,5,5,5,5,5,5,5,5,5,5,5
20,20,20,20,20,20,10,10,5,5,5,5,5,5,5,5,5,5,5,5
20,20,20,20,20,20,10,10,5,5,5,5,5,5,5,5,5,5,5,5
20,20,20,20,20,20,10,10,5,5,5,5,5,5,5,5,5,5,5,5
20,20,20,20,20,20,10,10,5,5,5,5,5,5,5,5,5,5,5,5
20,20,20,20,20,20,20,10,10,5,5,5,5,5,5,5,5,5,5,5
20,20,20,20,20,20,20,10,10,5,5,5,5,5,5,5,5,5,5,5
20,20,20,20,20,20,10,10,5,5,5,5,5,5,5,5,5,5,5,5
20,20,20,20,20,20,10,10,5,5,5,5,5,5,5,5,5,5,5,5
20,20,20,20,20,20,10,10,5,5,5,5,5,5,5,5,5,5,5,5
20,20,20,20,20,20,10,10,5,5,5,5,5,5,5,5,5,5,5,5
20,20,20,20,20,20,10,10,5,5,5,5,5,5,5,5,5,5,5,5
20,20,20,20,20,20,10,10,5,5,5,5,5,5,5,5,5,5,5,5
20,20,20,20,20,20,10,10,5,5,5,5,5,5,5,5,5,5,5,5
20,20,20,20,20,20,10,10,5,5,5,5,5,5,5,5,5,5,5,5
20,20,20,20,20,20,10,10,5,5,5,5,5,5,5,5,5,5,5,5
20,20,20,20,20,20,10,10,5,5,5,5,5,5,5,5,5,5,5,5
20,20,20,20,20,20,20,10,10,5,5,5,5,5,5,5,5,5,5,5
20,20,20,20,20,20,20,10,10,5,5,5,5,5,5,5,5,5,5,5
20,20,20,20,20,20,10,10,10,10,10,10,10,10,10,10,10,10,10,10
20,20,20,20,20,20,10,10,5,5,5,5,5,5,5,5,5,5,5,5
20,20,20,20,20,20,10,10,10,10,10,10,10,10,10,10,10,10,10,10
20,20,20,20,20,20,10,10,5,5,5,5,5,5,5,5,5,5,5,5
20,20,20,20,20,20,10,10,10,10,10,10,10,10,10,10,10,10,10,10
20,20,20,20,20,20,20,10,10,5,5,5,5,5,5,5,5,5,5,5
20,20,20,20,20,20,10,10,5,5,5,5,5,5,5,5,5,5,5,5
20,20,20,20,20,20,10,10,10,10,10,10,10,10,10,10,10,10,10,10
20,20,20,20,20,20,10,10,5,5,5,5,5,5,5,5,5,5,5,5
20,20,20,20,20,20,10,10,10,10,10,10,10,10,10,10,10,10,10,10
20,20,20,20,20,20,10,10,10,10,10,10,10,10,10,10,10,10,10,10
20,20,20,20,20,20,10,10,5,5,5,5,5,5,5,5,5,5,5,5
20,20,20,20,20,20,10,10,5,5,5,5,5,5,5,5,5,5,5,5
20,20,20,20,20,20,10,10,5,5,5,5,5,5,5,5,5,5,5,5
20,20,20,20,20,20,10,10,5,5,5,5,5,5,5,5,5,5,5,5
20,20,20,20,20,20,20,10,10,5,5,5,5,5,5,5,5,5,5,5
20,20,20,20,20,20,10,10,10,10,10,10,10,10,10,10,10,10,10,10
20,20,20,20,20,20,20,10,10,5,5,5,5,5,5,5,5,5,5,5
20,20,20,20,20,20,10,10,5,5,5,5,5,5,5,5,5,5,5,5
20,20,20,20,20,20,10,10,5,5,5,5,5,5,5,5,5,5,5,5
20,20,20,20,20,20,10,10,10,10,10,10,10,10,10,10,10,10,10,10
20,20,20,20,20,20,10,10,10,10,10,10,10,10,10,10,10,10,10,10
20,20,20,20,20,20,10,10,10,10,10,10,10,10,10,10,10,10,10,10
20,20,20,20,20,20,10,10,5,5,5,5,5,5,5,5,5,5,5,5
20,20,20,20,20,20,20,10,10,5,5,5,5,5,5,5,5,5,5,5
20,20,20,20,20,20,10,10,5,5,5,5,5,5,5,5,5,5,5,5
20,20,20,20,20,20,10,10,5,5,5,5,5,5,5,5,5,5,5,5
20,20,20,20,20,20,10,10,5,5,5,5,5,5,5,5,5,5,5,5
20,20,20,20,20,20,10,10,5,5,5,5,5,5,5,5,5,5,5,5
20,20,20,20,20,20,10,10,10,10,10,10,10,10,10,10,10,10,10,10
20,20,20,20,20,20,10,10,5,5,5,5,5,5,5,5,5,5,5,5
20,20,20,20,20,20,10,10,10,10,10,10,10,10,10,10,10,10,10,10
20,20,20,20,20,20,20,10,10,5,5,5,5,5,5,5,5,5,5,5
20,20,20,20,20,20,20,10,10,5,5,5,5,5,5,5,5,5,5,5
20,20,20,20,20,20,10,10,10,10,10,10,10,10,10,10,10,10,10,10
20,20,20,20,20,20,10,10,5,5,5,5,5,5,5,5,5,5,5,5
20,20,20,20,20,20,10,10,5,5,5,5,5,5,5,5,5,5,5,5
20,20,20,20,20,20,10,10,10,10,10,10,10,10,10,10,10,10,10,10
20,20,20,20,20,20,10,10,5,5,5,5,5,5,5,5,5,5,5,5
20,20,20,20,20,20,10,10,5,5,5,5,5,5,5,5,5,5,5,5
20,20,20,20,20,20,10,10,10,10,10,10,10,10,10,10,10,10,10,10
20,20,20,20,20,20,10,10,5,5,5,5,5,5,5,5,5,5,5,5
20,20,20,20,20,20,10,10,5,5,5,5,5,5,5,5,5,5,5,5
20,20,20,20,20,20,10,10,5,5,5,5,5,5,5,5,5,5,5,5
20,20,20,20,20,20,10,10,10,10,10,10,10,10,10,10,10,10,10,10
20,20,20,20,20,20,10,10,10,10,10,10,10,10,10,10,10,10,10,10
20,20,20,20,20,20,10,10,10,10,10,10,10,10,10,10,10,10,10,10
20,20,20,20,20,20,10,10,10,10,10,10,10,10,10,10,10,10,10,10
20,20,20,20,20,20,10,10,5,5,5,5,5,5,5,5,5,5,5,5
20,20,20,20,20,20,10,10,5,5,5,5,5,5,5,5,5,5,5,5
20,20,20,20,20,20,10,10,10,10,10,10,10,10,10,10,10,10,10,10
20,20,20,20,20,20,10,10,5,5,5,5,5,5,5,5,5,5,5,5
20,20,20,20,20,20,20,10,10,5,5,5,5,5,5,5,5,5,5,5
20,20,20,20,20,20,20,10,10,5,5,5,5,5,5,5,5,5,5,5
20,20,20,20,20,20,10,10,5,5,5,5,5,5,5,5,5,5,5,5
20,20,20,20,20,20,10,10,5,5,5,5,5,5,5,5,5,5,5,5
20,20,20,20,20,20,10,10,5,5,5,5,5,5,5,5,5,5,5,5
20,20,20,20,20,20,20,10,10,5,5,5,5,5,5,5,5,5,5,5
20,20,20,20,20,20,20,10,10,5,5,5,5,5,5,5,5,5,5,5
20,20,20,20,20,20,10,10,10,10,10,10,10,10,10,10,10,10,10,10
20,20,20,20,20,20,10,10,5,5,5,5,5,5,5,5,5,5,5,5
20,20,20,20,20,20,10,10,5,5,5,5,5,5,5,5,5,5,5,5
20,20,20,20,20,20,10,10,5,5,5,5,5,5,5,5,5,5,5,5
20,20,20,20,20,20,10,10,10,10,10,10,10,10,10,10,10,10,10,10
20,20,20,20,20,20,10,10,10,10,10,10,10,10,10,10,10,10,10,10
20,20,20,20,20,20,10,10,5,5,5,5,5,5,5,5,5,5,5,5
20,20,20,20,20,20,10,10,5,5,5,5,5,5,5,5,5,5,5,5
20,20,20,20,20,20,10,10,5,5,5,5,5,5,5,5,5,5,5,5
20,20,20,20,20,20,10,10,5,5,5,5,5,5,5,5,5,5,5,5
20,20,20,20,20,20,20,10,10,5,5,5,5,5,5,5,5,5,5,5
20,20,20,20,20,20,20,10,10,5,5,5,5,5,5,5,5,5,5,5
20,20,20,20,20,20,20,10,10,5,5,5,5,5,5,5,5,5,5,5
20,20,20,20,20,20,20,10,10,5,5,5,5,5,5,5,5,5,5,5
20,20,20,20,20,20,10,10,10,10,10,10,10,10,10,10,10,10,10,10
20,20,20,20,20,20,10,10,5,5,5,5,5,5,5,5,5,5,5,5
20,20,20,20,20,20,10,10,5,5,5,5,5,5,5,5,5,5,5,5
20,20,20,20,20,20,10,10,5,5,5,5,5,5,5,5,5,5,5,5
20,20,20,20,20,20,10,10,5,5,5,5,5,5,5,5,5,5,5,5
20,20,20,20,20,20,10,10,5,5,5,5,5,5,5,5,5,5,5,5
20,20,20,20,20,20,10,10,10,10,10,10,10,10,10,10,10,10,10,10
20,20,20,20,20,20,10,10,5,5,5,5,5,5,5,5,5,5,5,5
20,20,20,20,20,20,10,10,5,5,5,5,5,5,5,5,5,5,5,5
20,20,20,20,20,20,10,10,5,5,5,5,5,5,5,5,5,5,5,5
20,20,20,20,20,20,10,10,10,10,10,10,10,10,10,10,10,10,10,10
20,20,20,20,20,20,10,10,5,5,5,5,5,5,5,5,5,5,5,5
20,20,20,20,20,20,10,10,10,10,10,10,10,10,10,10,10,10,10,10
20,20,20,20,20,20,10,10,5,5,5,5,5,5,5,5,5,5,5,5
20,20,20,20,20,20,10,10,5,5,5,5,5,5,5,5,5,5,5,5
20,20,20,20,20,20,10,10,5,5,5,5,5,5,5,5,5,5,5,5
20,20,20,20,20,20,20,10,10,5,5,5,5,5,5,5,5,5,5,5
20,20,20,20,20,20,10,10,10,10,10,10,10,10,10,10,10,10,10,10
20,20,20,20,20,20,20,10,10,5,5,5,5,5,5,5,5,5,5,5
20,20,20,20,20,20,10,10,5,5,5,5,5,5,5,5,5,5,5,5
20,20,20,20,20,20,10,10,5,5,5,5,5,5,5,5,5,5,5,5
20,20,20,20,20,20,10,10,10,10,10,10,10,10,10,10,10,10,10,10
20,20,20,20,20,20,20,10,10,5,5,5,5,5,5,5,5,5,5,5
20,20,20,20,20,20,20,10,10,5,5,5,5,5,5,5,5,5,5,5
20,20,20,20,20,20,20,10,10,5,5,5,5,5,5,5,5,5,5,5
20,20,20,20,20,20,20,10,10,5,5,5,5,5,5,5,5,5,5,5
20,20,20,20,20,20,10,10,5,5,5,5,5,5,5,5,5,5,5,5
20,20,20,20,20,20,10,10,5,5,5,5,5,5,5,5,5,5,5,5
20,20,20,20,20,20,20,10,10,5,5,5,5,5,5,5,5,5,5,5
20,20,20,20,20,20,20,10,10,5,5,5,5,5,5,5,5,5,5,5
20,20,20,20,20,20,10,10,5,5,5,5,5,5,5,5,5,5,5,5
20,20,20,20,20,20,10,10,5,5,5,5,5,5,5,5,5,5,5,5
20,20,20,20,20,20,10,10,5,5,5,5,5,5,5,5,5,5,5,5
20,20,20,20,20,20,10,10,5,5,5,5,5,5,5,5,5,5,5,5
20,20,20,20,20,20,10,10,10,10,10,10,10,10,10,10,10,10,10,10
20,20,20,20,20,20,10,10,5,5,5,5,5,5,5,5,5,5,5,5
20,20,20,20,20,20,10,10,5,5,5,5,5,5,5,5,5,5,5,5
20,20,20,20,20,20,10,10,5,5,5,5,5,5,5,5,5,5,5,5
20,20,20,20,20,20,20,10,10,5,5,5,5,5,5,5,5,5,5,5
20,20,20,20,20,20,20,10,10,5,5,5,5,5,5,5,5,5,5,5
20,20,20,20,20,20,10,10,5,5,5,5,5,5,5,5,5,5,5,5
20,20,20,20,20,20,10,10,10,10,10,10,10,10,10,10,10,10,10,10
20,20,20,20,20,20,10,10,5,5,5,5,5,5,5,5,5,5,5,5
20,20,20,20,20,20,10,10,5,5,5,5,5,5,5,5,5,5,5,5
20,20,20,20,20,20,10,10,5,5,5,5,5,5,5,5,5,5,5,5
20,20,20,20,20,20,20,10,10,5,5,5,5,5,5,5,5,5,5,5
20,20,20,20,20,20,10,10,5,5,5,5,5,5,5,5,5,5,5,5
20,20,20,20,20,20,10,10,10,10,10,10,10,10,10,10,10,10,10,10
20,20,20,20,20,20,10,10,5,5,5,5,5,5,5,5,5,5,5,5
20,20,20,20,20,20,10,10,10,10,10,10,10,10,10,10,10,10,10,10
20,20,20,20,20,20,10,10,10,10,10,10,10,10,10,10,10,10,10,10
20,20,20,20,20,20,10,10,10,10,10,10,10,10,10,10,10,10,10,10
20,20,20,20,20,20,10,10,5,5,5,5,5,5,5,5,5,5,5,5
20,20,20,20,20,20,10,10,5,5,5,5,5,5,5,5,5,5,5,5
20,20,20,20,20,20,10,10,5,5,5,5,5,5,5,5,5,5,5,5
20,20,20,20,20,20,10,10,5,5,5,5,5,5,5,5,5,5,5,5
20,20,120,100,80,20,10,10,10,10,10,10,10,10,10,10,10,10,10,10
20,20,20,20,20,20,10,10,5,5,5,5,5,5,5,5,5,5,5,5
20,20,20,20,20,20,10,10,5,5,5,5,5,5,5,5,5,5,5,5
20,20,20,20,20,20,10,10,5,5,5,5,5,5,5,5,5,5,5,5
20,20,20,20,20,20,10,10,5,5,5,5,5,5,5,5,5,5,5,5
20,20,20,20,20,20,10,10,10,10,10,10,10,10,10,10,10,10,10,10
20,20,20,20,20,20,10,10,5,5,5,5,5,5,5,5,5,5,5,5
20,20,20,20,20,20,20,10,10,5,5,5,5,5,5,5,5,5,5,5
20,20,20,20,20,20,20,10,10,5,5,5,5,5,5,5,5,5,5,5
20,20,20,20,20,20,10,10,10,10,10,10,10,10,10,10,10,10,10,10
20,20,20,20,20,20,10,10,10,10,10,10,10,10,10,10,10,10,10,10
20,20,20,20,20,20,10,10,5,5,5,5,5,5,5,5,5,5,5,5
20,20,20,20,20,20,10,10,5,5,5,5,5,5,5,5,5,5,5,5
20,20,20,20,20,20,10,10,5,5,5,5,5,5,5,5,5,5,5,5
20,20,20,20,20,20,10,10,5,5,5,5,5,5,5,5,5,5,5,5
20,20,20,20,20,20,10,10,5,5,5,5,5,5,5,5,5,5,5,5
20,20,20,20,20,20,10,10,5,5,5,5,5,5,5,5,5,5,5,5
20,20,20,20,20,20,20,10,10,5,5,5,5,5,5,5,5,5,5,5
20,20,20,20,20,20,10,10,10,10,10,10,10,10,10,10,10,10,10,10
20,20,20,20,20,20,10,10,5,5,5,5,5,5,5,5,5,5,5,5
20,20,20,20,20,20,10,10,5,5,5,5,5,5,5,5,5,5,5,5
20,20,20,20,20,20,10,10,5,5,5,5,5,5,5,5,5,5,5,5
20,20,20,20,20,20,10,10,10,10,10,10,10,10,10,10,10,10,10,10
20,20,20,20,20,20,10,10,5,5,5,5,5,5,5,5,5,5,5,5
20,20,20,20,20,20,10,10,5,5,5,5,5,5,5,5,5,5,5,5
20,20,20,20,20,20,10,10,5,5,5,5,5,5,5,5,5,5,5,5
20,20,20,20,20,20,10,10,5,5,5,5,5,5,5,5,5,5,5,5
20,20,20,20,20,20,10,10,5,5,5,5,5,5,5,5,5,5,5,5
20,20,20,20,20,20,10,10,5,5,5,5,5,5,5,5,5,5,5,5
20,20,20,20,20,20,10,10,5,5,5,5,5,5,5,5,5,5,5,5
20,20,20,20,20,20,10,10,10,10,10,10,10,10,10,10,10,10,10,10
20,20,20,20,20,20,10,10,10,10,10,10,10,10,10,10,10,10,10,10
20,20,20,20,20,20,10,10,10,10,10,10,10,10,10,10,10,10,10,10
20,20,20,20,20,20,10,10,5,5,5,5,5,5,5,5,5,5,5,5
20,20,20,20,20,20,10,10,5,5,5,5,5,5,5,5,5,5,5,5
20,20,20,20,20,20,10,10,5,5,5,5,5,5,5,5,5,5,5,5
20,20,20,20,20,20,10,10,10,10,10,10,10,10,10,10,10,10,10,10
20,20,20,20,20,20,10,10,5,5,5,5,5,5,5,5,5,5,5,5
20,20,20,20,20,20,10,10,5,5,5,5,5,5,5,5,5,5,5,5
20,20,20,20,20,20,10,10,5,5,5,5,5,5,5,5,5,5,5,5
20,20,20,20,20,20,10,10,5,5,5,5,5,5,5,5,5,5,5,5
20,20,20,20,20,20,10,10,10,10,10,10,10,10,10,10,10,10,10,10
20,20,20,20,20,20,10,10,5,5,5,5,5,5,5,5,5,5,5,5
20,20,20,20,20,20,10,10,5,5,5,5,5,5,5,5,5,5,5,5
20,20,20,20,20,20,10,10,5,5,5,5,5,5,5,5,5,5,5,5
20,20,20,20,20,20,20,10,10,5,5,5,5,5,5,5,5,5,5,5
20,20,20,20,20,20,10,10,5,5,5,5,5,5,5,5,5,5,5,5
20,20,20,20,20,20,10,10,5,5,5,5,5,5,5,5,5,5,5,5
20,20,20,20,20,20,10,10,5,5,5,5,5,5,5,5,5,5,5,5
20,20,80,40,20,20,10,10,10,10,10,10,10,10,10,10,10,10,10,10
20,20,20,20,20,20,20,10,10,5,5,5,5,5,5,5,5,5,5,5
20,20,20,20,20,20,10,10,5,5,5,5,5,5,5,5,5,5,5,5
20,20,20,20,20,20,10,10,5,5,5,5,5,5,5,5,5,5,5,5
20,20,20,20,20,20,10,10,10,10,10,10,10,10,10,10,10,10,10,10
20,20,20,20,20,20,10,10,5,5,5,5,5,5,5,5,5,5,5,5
20,20,20,20,20,20,10,10,5,5,5,5,5,5,5,5,5,5,5,5
20,20,20,20,20,20,10,10,5,5,5,5,5,5,5,5,5,5,5,5
20,20,20,20,20,20,10,10,5,5,5,5,5,5,5,5,5,5,5,5
20,20,20,20,20,20,10,10,5,5,5,5,5,5,5,5,5,5,5,5
20,20,20,20,20,20,10,10,5,5,5,5,5,5,5,5,5,5,5,5
20,20,20,20,20,20,10,10,10,10,10,10,10,10,10,10,10,10,10,10
20,20,20,20,20,20,10,10,10,10,10,10,10,10,10,10,10,10,10,10
20,20,20,20,20,20,10,10,10,10,10,10,10,10,10,10,10,10,10,10
20,20,20,20,20,20,10,10,10,10,10,10,10,10,10,10,10,10,10,10
20,20,20,20,20,20,10,10,5,5,5,5,5,5,5,5,5,5,5,5
20,20,20,20,20,20,10,10,5,5,5,5,5,5,5,5,5,5,5,5
20,20,20,20,20,20,10,10,10,10,10,10,10,10,10,10,10,10,10,10
20,20,20,20,20,20,10,10,10,10,10,10,10,10,10,10,10,10,10,10
20,20,20,20,20,20,10,10,5,5,5,5,5,5,5,5,5,5,5,5
20,20,20,20,20,20,10,10,5,5,5,5,5,5,5,5,5,5,5,5
20,20,20,20,20,20,10,10,5,5,5,5,5,5,5,5,5,5,5,5
20,20,20,20,20,20,10,10,5,5,5,5,5,5,5,5,5,5,5,5
20,20,20,20,20,20,20,10,10,5,5,5,5,5,5,5,5,5,5,5
20,20,20,20,20,20,10,10,10,10,10,10,10,10,10,10,10,10,10,10
20,20,20,20,20,20,20,10,10,5,5,5,5,5,5,5,5,5,5,5
20,20,20,20,20,20,10,10,5,5,5,5,5,5,5,5,5,5,5,5
20,20,20,20,20,20,10,10,5,5,5,5,5,5,5,5,5,5,5,5
20,20,20,20,20,20,10,10,5,5,5,5,5,5,5,5,5,5,5,5
20,20,20,20,20,20,10,10,10,10,10,10,10,10,10,10,10,10,10,10
20,20,20,20,20,20,10,10,5,5,5,5,5,5,5,5,5,5,5,5
20,20,20,20,20,20,10,10,5,5,5,5,5,5,5,5,5,5,5,5
20,20,20,20,20,20,10,10,5,5,5,5,5,5,5,5,5,5,5,5
20,20,20,20,20,20,10,10,5,5,5,5,5,5,5,5,5,5,5,5
20,20,20,20,20,20,10,10,5,5,5,5,5,5,5,5,5,5,5,5
20,20,20,20,20,20,20,10,10,5,5,5,5,5,5,5,5,5,5,5
20,20,20,20,20,20,10,10,5,5,5,5,5,5,5,5,5,5,5,5
20,20,20,20,20,20,10,10,5,5,5,5,5,5,5,5,5,5,5,5
20,20,20,20,20,20,10,10,10,10,10,10,10,10,10,10,10,10,10,10
20,20,20,20,20,20,10,10,10,10,10,10,10,10,10,10,10,10,10,10
20,20,20,20,20,20,10,10,5,5,5,5,5,5,5,5,5,5,5,5
20,20,20,20,20,20,10,10,5,5,5,5,5,5,5,5,5,5,5,5
20,20,20,20,20,20,10,10,5,5,5,5,5,5,5,5,5,5,5,5
20,20,20,20,20,20,10,10,5,5,5,5,5,5,5,5,5,5,5,5
20,20,20,20,20,20,10,10,5,5,5,5,5,5,5,5,5,5,5,5
20,20,20,20,20,20,10,10,5,5,5,5,5,5,5,5,5,5,5,5
20,20,20,20,20,20,10,10,5,5,5,5,5,5,5,5,5,5,5,5
20,20,20,20,20,20,10,10,10,10,10,10,10,10,10,10,10,10,10,10
20,20,20,20,20,20,10,10,10,10,10,10,10,10,10,10,10,10,10,10
20,20,20,20,20,20,10,10,10,10,10,10,10,10,10,10,10,10,10,10
20,20,20,20,20,20,10,10,10,10,10,10,10,10,10,10,10,10,10,10
20,20,20,20,20,20,10,10,10,10,10,10,10,10,10,10,10,10,10,10
20,20,20,20,20,20,10,10,5,5,5,5,5,5,5,5,5,5,5,5
20,20,20,20,20,20,10,10,5,5,5,5,5,5,5,5,5,5,5,5
20,20,20,20,20,20,10,10,5,5,5,5,5,5,5,5,5,5,5,5
20,20,20,20,20,20,10,10,5,5,5,5,5,5,5,5,5,5,5,5
20,20,20,20,20,20,10,10,5,5,5,5,5,5,5,5,5,5,5,5
20,20,20,20,20,20,10,10,5,5,5,5,5,5,5,5,5,5,5,5
20,20,20,20,20,20,10,10,5,5,5,5,5,5,5,5,5,5,5,5
20,20,20,20,20,20,10,10,5,5,5,5,5,5,5,5,5,5,5,5
20,20,20,20,20,20,10,10,5,5,5,5,5,5,5,5,5,5,5,5
20,20,20,20,20,20,10,10,5,5,5,5,5,5,5,5,5,5,5,5
20,20,20,20,20,20,10,10,5,5,5,5,5,5,5,5,5,5,5,5
20,20,20,20,20,20,10,10,5,5,5,5,5,5,5,5,5,5,5,5
20,20,20,20,20,20,20,10,10,5,5,5,5,5,5,5,5,5,5,5
20,20,20,20,20,20,10,10,10,10,10,10,10,10,10,10,10,10,10,10
20,20,20,20,20,20,10,10,5,5,5,5,5,5,5,5,5,5,5,5
20,20,20,20,20,20,20,10,10,5,5,5,5,5,5,5,5,5,5,5
20,20,20,20,20,20,20,10,10,5,5,5,5,5,5,5,5,5,5,5
20,20,20,20,20,20,10,10,10,10,10,10,10,10,10,10,10,10,10,10
20,20,20,20,20,20,10,10,10,10,10,10,10,10,10,10,10,10,10,10
20,20,20,20,20,20,10,10,10,10,10,10,10,10,10,10,10,10,10,10
20,20,20,20,20,20,20,10,10,5,5,5,5,5,5,5,5,5,5,5
20,20,20,20,20,20,10,10,10,10,10,10,10,10,10,10,10,10,10,10
20,20,20,20,20,20,10,10,10,10,10,10,10,10,10,10,10,10,10,10
20,20,20,20,20,20,10,10,5,5,5,5,5,5,5,5,5,5,5,5
20,20,20,20,20,20,10,10,5,5,5,5,5,5,5,5,5,5,5,5
20,20,20,20,20,20,10,10,5,5,5,5,5,5,5,5,5,5,5,5
20,20,20,20,20,20,10,10,5,5,5,5,5,5,5,5,5,5,5,5
20,20,20,20,20,20,10,10,10,10,10,10,10,10,10,10,10,10,10,10
20,20,20,20,20,20,10,10,5,5,5,5,5,5,5,5,5,5,5,5
20,20,20,20,20,20,10,10,5,5,5,5,5,5,5,5,5,5,5,5
20,20,20,20,20,20,10,10,10,10,10,10,10,10,10,10,10,10,10,10
20,20,20,20,20,20,10,10,10,10,10,10,10,10,10,10,10,10,10,10
20,20,20,20,20,20,10,10,10,10,10,10,10,10,10,10,10,10,10,10
20,20,20,20,20,20,10,10,5,5,5,5,5,5,5,5,5,5,5,5
20,20,20,20,20,20,10,10,10,10,10,10,10,10,10,10,10,10,10,10
20,20,20,20,20,20,10,10,10,10,10,10,10,10,10,10,10,10,10,10
20,20,20,20,20,20,10,10,5,5,5,5,5,5,5,5,5,5,5,5
